8.670838680026002887e-01 1.177520913896795141e-01
8.672068490978059874e-01 1.188308691030373898e-01
8.673298301930115750e-01 1.241884135904886832e-01
8.674528112882171627e-01 1.308676096451693027e-01
8.675757923834228613e-01 1.355373558163047720e-01
8.676987734786285600e-01 1.399405777072403323e-01
8.678217545738341476e-01 1.478688739287445930e-01
8.679447356690397353e-01 1.565304452391343970e-01
8.680677167642454339e-01 1.631927379526867394e-01
8.681906978594511326e-01 1.713000440447638439e-01
8.683136789546567202e-01 1.793409546714661573e-01
8.684366600498623079e-01 1.910208661817336395e-01
8.685596411450680066e-01 1.961285031367616671e-01
8.686826222402737052e-01 2.134514820145674285e-01
8.688056033354794039e-01 2.235534315647309533e-01
8.689285844306849915e-01 2.380967885114491089e-01
8.690515655258905792e-01 2.480545972988266179e-01
8.691745466210962778e-01 2.693762980010525609e-01
8.692975277163019765e-01 2.859500646061650109e-01
8.694205088115075641e-01 3.054072581447493384e-01
8.695434899067131518e-01 3.163222598347124048e-01
8.696664710019188504e-01 3.534641527334452249e-01
8.697894520971245491e-01 3.720202225833020293e-01
8.699124331923301368e-01 4.019318340004076617e-01
8.700354142875357244e-01 4.336702553289697448e-01
8.701583953827414231e-01 4.722825782627220192e-01
8.702813764779471217e-01 5.260620230588433088e-01
8.704043575731528204e-01 5.640441386266479284e-01
8.705273386683584080e-01 6.207199716951912194e-01
8.706503197635639957e-01 6.944730780404002601e-01
8.707733008587696943e-01 7.467576317860427082e-01
8.708962819539753930e-01 8.460547546570875710e-01
8.710192630491809807e-01 9.676403113462281880e-01
8.711422441443865683e-01 1.058004683641280863e+00
8.712652252395922670e-01 1.211905962049662833e+00
8.713882063347979656e-01 1.376072684133767154e+00
8.715111874300035533e-01 1.615353831509652949e+00
8.716341685252092519e-01 1.903945344572353093e+00
8.717571496204148396e-01 2.193500539753667766e+00
8.718801307156205382e-01 2.732470281202619589e+00
8.720031118108262369e-01 3.355825515771829970e+00
8.721260929060318245e-01 4.167038998373133296e+00
8.722490740012374122e-01 5.438771957998351780e+00
8.723720550964431109e-01 7.372629319415196392e+00
8.724950361916488095e-01 1.043576890856697759e+01
8.726180172868543972e-01 1.652500405462814115e+01
8.727409983820599848e-01 2.860321569785295992e+01
8.728639794772656835e-01 6.676222912978759894e+01
8.729869605724713821e-01 3.794524882599695275e+02
8.731099416676769698e-01 4.178138522886956707e+03
8.732329227628826684e-01 1.200532274488697112e+03
8.733559038580882561e-01 9.365295554049953353e+01
8.734788849532939548e-01 3.620547006819651870e+01
8.736018660484996534e-01 1.895442615390220453e+01
8.737248471437052411e-01 1.196459536671045498e+01
8.738478282389108287e-01 8.183123567041548085e+00
8.739708093341165274e-01 5.782832892688020365e+00
8.740937904293222260e-01 4.560872669630953169e+00
8.742167715245278137e-01 3.472977251645716024e+00
8.743397526197334013e-01 2.929245666274255200e+00
8.744627337149391000e-01 2.358201294098762446e+00
8.745857148101447986e-01 1.977903452769169235e+00
8.747086959053503863e-01 1.687777595941952313e+00
8.748316770005560850e-01 1.486181647092962521e+00
8.749546580957616726e-01 1.250060826465414721e+00
8.750776391909673713e-01 1.086179226790591201e+00
8.752006202861730699e-01 9.624139568495593267e-01
8.753236013813786576e-01 8.801390148737482377e-01
8.754465824765842452e-01 7.785369750399695477e-01
8.755695635717899439e-01 7.259764205200553988e-01
8.756925446669956425e-01 6.478629817293040105e-01
8.758155257622012302e-01 5.832544632457938860e-01
8.759385068574068178e-01 5.360768289619954885e-01
8.760614879526125165e-01 4.910888834519937518e-01
8.761844690478182152e-01 4.579800633609920624e-01
8.763074501430239138e-01 4.183708654927613679e-01
8.764304312382295015e-01 3.863232664389215643e-01
8.765534123334350891e-01 3.590871595124554005e-01
8.766763934286407878e-01 3.334324143233970972e-01
8.767993745238464864e-01 3.131767532922822284e-01
8.769223556190520741e-01 2.951144250600918895e-01
8.770453367142576617e-01 2.737798354291953729e-01
8.771683178094633604e-01 2.647542005106515717e-01
8.772912989046690591e-01 2.416474049468888552e-01
8.774142799998746467e-01 2.335027864510266227e-01
8.775372610950802343e-01 2.152295821642837836e-01
8.776602421902859330e-01 2.062195300213716109e-01
8.777832232854916317e-01 1.923300855678462540e-01
8.779062043806973303e-01 1.863249448815622600e-01
8.780291854759029180e-01 1.727342222493462032e-01
8.781521665711085056e-01 1.686699825731921010e-01
8.782751476663142043e-01 1.604121422387834173e-01
8.783981287615199030e-01 1.542829521131352521e-01
8.785211098567254906e-01 1.429624746033368865e-01
8.786440909519310782e-01 1.365959879422007361e-01
8.787670720471367769e-01 1.318997503085483913e-01
8.788900531423424756e-01 1.280986525689513655e-01
8.790130342375480632e-01 1.222804037724927184e-01
8.791360153327536509e-01 1.162686508105252869e-01
8.792589964279593495e-01 1.118886532003671164e-01
